name: RL_pong
channels:
  - pytorch
  - conda-forge
  - defaults
dependencies:
  - blas=2.112=mkl
  - blas-devel=3.9.0=12_win64_mkl
  - ca-certificates=2021.10.8=h5b45459_0
  - cudatoolkit=10.2.89=hb195166_9
  - freetype=2.10.4=h546665d_1
  - intel-openmp=2021.4.0=h57928b3_3556
  - jbig=2.1=h8d14728_2003
  - jpeg=9d=h8ffe710_0
  - lcms2=2.12=h2a16943_0
  - lerc=3.0=h0e60522_0
  - libblas=3.9.0=12_win64_mkl
  - libcblas=3.9.0=12_win64_mkl
  - libdeflate=1.8=h8ffe710_0
  - liblapack=3.9.0=12_win64_mkl
  - liblapacke=3.9.0=12_win64_mkl
  - libpng=1.6.37=h1d00b33_2
  - libtiff=4.3.0=hd413186_2
  - libuv=1.42.0=h8ffe710_0
  - libzlib=1.2.11=h8ffe710_1013
  - lz4-c=1.9.3=h8ffe710_1
  - m2w64-gcc-libgfortran=5.3.0=6
  - m2w64-gcc-libs=5.3.0=7
  - m2w64-gcc-libs-core=5.3.0=7
  - m2w64-gmp=6.1.0=2
  - m2w64-libwinpthread-git=5.0.0.4634.697f757=2
  - mkl=2021.4.0=h0e2418a_729
  - mkl-devel=2021.4.0=h57928b3_730
  - mkl-include=2021.4.0=h0e2418a_729
  - msys2-conda-epoch=20160418=1
  - numpy=1.21.4=py38h089cfbf_0
  - olefile=0.46=pyh9f0ad1d_1
  - openjpeg=2.4.0=hb211442_1
  - openssl=3.0.0=h8ffe710_2
  - pillow=8.4.0=py38h794f750_0
  - pip=21.3.1=pyhd8ed1ab_0
  - python=3.8.12=h900ac77_2_cpython
  - python_abi=3.8=2_cp38
  - pytorch=1.10.0=py3.8_cuda10.2_cudnn7_0
  - pytorch-mutex=1.0=cuda
  - setuptools=59.4.0=py38haa244fe_0
  - sqlite=3.37.0=h8ffe710_0
  - tbb=2021.4.0=h2d74725_1
  - tk=8.6.11=h8ffe710_1
  - torchaudio=0.10.0=py38_cu102
  - torchvision=0.11.1=py38_cu102
  - typing_extensions=4.0.1=pyha770c72_0
  - ucrt=10.0.20348.0=h57928b3_0
  - vc=14.2=hb210afc_5
  - vs2015_runtime=14.29.30037=h902a5da_5
  - wheel=0.37.0=pyhd8ed1ab_1
  - xz=5.2.5=h62dcd97_1
  - zlib=1.2.11=h8ffe710_1013
  - zstd=1.5.0=h6255e5f_0
  - pip:
    - pygame==2.1.0
prefix: C:\Users\perry\anaconda3\envs\RL_pong
